# This file may be used to create an environment using:
# $ conda create --name <env> --file <this file>
# platform: win-64
blas=1.0=mkl
bottleneck=1.3.7=py310h9128911_0
brotli=1.1.0=hcfcfb64_1
brotli-bin=1.1.0=hcfcfb64_1
bzip2=1.0.8=h2bbff1b_5
ca-certificates=2024.2.2=h56e8100_0
certifi=2024.2.2=pyhd8ed1ab_0
contourpy=1.2.1=py310h232114e_0
cycler=0.12.1=pyhd8ed1ab_0
fonttools=4.51.0=py310h8d17308_0
freetype=2.12.1=ha860e81_0
icu=73.2=h63175ca_0
intel-openmp=2023.1.0=h59b6b97_46320
ipopt=3.11.1=2
jpeg=9e=hcfcfb64_3
kiwisolver=1.4.5=py310h232114e_1
krb5=1.20.1=heb0366b_0
libbrotlicommon=1.1.0=hcfcfb64_1
libbrotlidec=1.1.0=hcfcfb64_1
libbrotlienc=1.1.0=hcfcfb64_1
libclang=14.0.6=default_hb5a9fac_1
libclang13=14.0.6=default_h8e68704_1
libffi=3.4.4=hd77b12b_0
libpng=1.6.39=h8cc25b3_0
libpq=12.17=h906ac69_0
libtiff=4.2.0=h0c97f57_3
libwebp=1.3.2=hcfcfb64_1
libwebp-base=1.3.2=hcfcfb64_1
lz4-c=1.9.4=hcfcfb64_0
matplotlib=3.7.1=py310h5588dad_0
matplotlib-base=3.7.1=py310h51140c5_0
mkl=2023.1.0=h6b88ed4_46358
mkl-service=2.4.0=py310h2bbff1b_1
mkl_fft=1.3.8=py310h2bbff1b_0
mkl_random=1.2.4=py310h59b6b97_0
munkres=1.1.4=pyh9f0ad1d_0
numexpr=2.8.7=py310h2cd9be0_0
numpy=1.25.0=py310h055cbcc_0
numpy-base=1.25.0=py310h65a83cf_0
openssl=3.2.1=hcfcfb64_1
packaging=24.0=pyhd8ed1ab_0
pandas=1.5.3=py310h4ed8f06_0
pillow=9.4.0=py310hd77b12b_1
pip=23.3.1=py310haa95532_0
ply=3.11=pyhd8ed1ab_2
pyomo=6.6.1=py310h00ffb61_0
pyparsing=3.1.2=pyhd8ed1ab_0
pyqt=5.15.4=py310h8a704f9_0
pyqt5-sip=12.9.0=py310h8a704f9_0
python=3.10.14=he1021f5_0
python-dateutil=2.8.2=pyhd3eb1b0_0
python_abi=3.10=2_cp310
pytz=2023.3.post1=py310haa95532_0
qt-main=5.15.2=h19c9488_10
setuptools=68.2.2=py310haa95532_0
sip=6.5.1=py310h8a704f9_2
six=1.16.0=pyhd3eb1b0_1
sqlite=3.41.2=h2bbff1b_0
tbb=2021.8.0=h59b6b97_0
tk=8.6.12=h2bbff1b_0
toml=0.10.2=pyhd8ed1ab_0
tornado=6.4=py310h8d17308_0
tzdata=2024a=h04d1e81_0
ucrt=10.0.22621.0=h57928b3_0
unicodedata2=15.1.0=py310h8d17308_0
vc=14.2=h21ff451_1
vc14_runtime=14.38.33130=h82b7239_18
vs2015_runtime=14.38.33130=hcb4865c_18
wheel=0.41.2=py310haa95532_0
xz=5.4.6=h8cc25b3_0
zlib=1.2.13=h8cc25b3_0
zstd=1.5.5=hd43e919_0
